00 FF FF FF FF FF FF 00 4D 67 03 25 00 00 00 00
08 22 01 04 B5 35 1E 78 3B 1D F5 AE 4F 35 B3 25
0D 50 54 01 08 00 81 80 81 00 A9 C0 95 00 B3 00
01 01 01 01 01 01 02 3A 80 18 71 38 2D 40 30 20
46 00 58 4A 21 00 00 1A 00 00 00 FD 00 30 B4 DF
DF 28 01 0A 20 20 20 20 20 20 00 00 00 FF 00 30
30 30 30 30 30 30 30 30 30 30 30 0A 00 00 00 FC
00 48 32 35 54 37 20 20 20 20 20 20 20 20 01 C2
02 03 41 F1 4A 05 14 10 1F 3F 03 01 04 07 53 23
09 87 07 83 01 00 00 65 03 0C 00 10 00 6D 1A 00
00 02 01 30 B4 00 00 00 00 00 00 E2 00 C0 E3 05
E3 01 E6 06 07 01 62 62 2F 67 D8 5D C4 01 78 C0
00 35 91 80 6A 70 38 20 40 30 20 35 00 56 50 21
00 00 1A 1B 82 80 88 70 38 2D 40 17 20 35 00 58
4A 21 00 00 1E F0 9D 80 64 70 38 20 40 30 20 35
00 57 50 21 00 00 1A 00 00 00 00 00 00 00 00 73
